0
32
1 1
0 0
0 0
448 0

33
17 1
2 22
0 22
192 0

34
33 1
6 6
0 22
448 0

35
49 1
8 22
0 22
512 0

36
65 1
9 22
-1 22
512 0

37
81 1
8 22
0 22
512 0

38
97 1
10 22
0 22
640 0

39
113 1
2 5
0 22
192 0

40
129 1
4 22
0 22
320 0

41
1 25
4 22
0 22
320 0

42
17 25
8 6
0 22
512 0

43
33 25
8 7
0 7
512 0

44
49 25
3 3
0 3
192 0

45
65 25
8 2
0 5
576 0

46
81 25
3 2
0 2
192 0

47
97 25
8 22
0 22
512 0

48
113 25
8 22
0 22
512 0

49
129 25
5 22
0 22
320 0

50
1 49
8 22
0 22
512 0

51
17 49
8 22
0 22
512 0

52
33 49
8 22
0 22
512 0

53
49 49
8 22
0 22
512 0

54
65 49
8 22
0 22
512 0

55
81 49
8 22
0 22
512 0

56
97 49
8 22
0 22
512 0

57
113 49
8 22
0 22
512 0

58
129 49
2 6
0 6
192 0

59
1 73
2 7
0 7
192 0

60
17 73
8 13
0 18
512 0

61
33 73
8 6
0 6
512 0

62
49 73
8 13
0 18
512 0

63
65 73
8 22
0 22
512 0

64
81 73
8 22
0 22
512 0

65
97 73
8 22
0 22
512 0

66
113 73
8 22
0 22
512 0

67
129 73
8 22
0 22
512 0

68
1 97
8 22
0 22
512 0

69
17 97
8 22
0 22
512 0

70
33 97
8 22
0 22
512 0

71
49 97
8 22
0 22
512 0

72
65 97
8 22
0 22
576 0

73
81 97
2 22
0 22
192 0

74
97 97
8 22
0 22
512 0

75
113 97
8 22
0 22
512 0

76
129 97
8 22
0 22
512 0

77
1 121
10 22
0 22
640 0

78
17 121
8 22
0 22
576 0

79
33 121
8 22
0 22
512 0

80
49 121
8 22
0 22
512 0

81
65 121
10 22
0 22
640 0

82
81 121
8 22
0 22
512 0

83
97 121
10 22
-1 22
512 0

84
113 121
8 22
0 22
512 0

85
129 121
8 22
0 22
512 0

86
1 145
8 22
0 22
512 0

87
17 145
14 22
0 22
896 0

88
33 145
8 22
0 22
512 0

89
49 145
8 22
0 22
512 0

90
65 145
8 22
0 22
512 0

91
81 145
5 22
0 22
256 0

92
97 145
8 22
0 22
512 0

93
113 145
4 22
0 22
256 0

94
129 145
8 8
0 22
512 0

95
1 169
8 2
0 2
576 0

96
17 169
4 3
0 22
256 0

97
33 169
8 22
0 22
512 0

98
49 169
8 22
0 22
512 0

99
65 169
8 22
0 22
512 0

100
81 169
8 22
0 22
512 0

101
97 169
8 22
0 22
512 0

102
113 169
8 22
0 22
512 0

103
129 169
8 22
0 22
512 0

104
1 193
8 22
0 22
576 0

105
17 193
2 22
0 22
192 0

106
33 193
8 22
0 22
512 0

107
49 193
8 22
0 22
512 0

108
65 193
8 22
0 22
512 0

109
81 193
10 22
0 22
640 0

110
97 193
8 22
0 22
576 0

111
113 193
8 22
0 22
512 0

112
129 193
8 22
0 22
512 0

113
1 217
10 22
0 22
640 0

114
17 217
8 22
0 22
512 0

115
33 217
10 22
-1 22
512 0

116
49 217
8 22
0 22
512 0

117
65 217
8 22
0 22
512 0

118
81 217
8 22
0 22
512 0

119
97 217
14 22
0 22
896 0

120
113 217
8 22
0 22
512 0

121
129 217
8 22
0 22
512 0

122
1 241
8 22
0 22
512 0

123
17 241
6 22
0 22
384 0

124
33 241
3 22
1 22
256 0

125
49 241
6 22
0 22
384 0

126
65 241
9 4
0 22
576 0

